[
    {
        "editorTiles": [
            {
                "TexturePath": "res/textures/black.png"
            }
        ],
        "tiles": [
            {
                "Texture": 0.0,
                "Transform": [
                    1.0,
                    0.0,
                    0.0,
                    0.0,
                    0.0,
                    1.0,
                    0.0,
                    0.0,
                    0.0,
                    0.0,
                    1.0,
                    0.0,
                    -2.0,
                    0.0,
                    0.0,
                    1.0
                ]
            },
            {
                "Texture": 0.0,
                "Transform": [
                    1.0,
                    0.0,
                    0.0,
                    0.0,
                    0.0,
                    1.0,
                    0.0,
                    0.0,
                    0.0,
                    0.0,
                    1.0,
                    0.0,
                    -2.0,
                    -1.0,
                    0.0,
                    1.0
                ]
            },
            {
                "Texture": 0.0,
                "Transform": [
                    1.0,
                    0.0,
                    0.0,
                    0.0,
                    0.0,
                    1.0,
                    0.0,
                    0.0,
                    0.0,
                    0.0,
                    1.0,
                    0.0,
                    -1.0,
                    -1.0,
                    0.0,
                    1.0
                ]
            },
            {
                "Texture": 0.0,
                "Transform": [
                    1.0,
                    0.0,
                    0.0,
                    0.0,
                    0.0,
                    1.0,
                    0.0,
                    0.0,
                    0.0,
                    0.0,
                    1.0,
                    0.0,
                    -1.0,
                    0.0,
                    0.0,
                    1.0
                ]
            },
            {
                "Texture": 0.0,
                "Transform": [
                    1.0,
                    0.0,
                    0.0,
                    0.0,
                    0.0,
                    1.0,
                    0.0,
                    0.0,
                    0.0,
                    0.0,
                    1.0,
                    0.0,
                    -1.0,
                    1.0,
                    0.0,
                    1.0
                ]
            },
            {
                "Texture": 0.0,
                "Transform": [
                    1.0,
                    0.0,
                    0.0,
                    0.0,
                    0.0,
                    1.0,
                    0.0,
                    0.0,
                    0.0,
                    0.0,
                    1.0,
                    0.0,
                    -2.0,
                    1.0,
                    0.0,
                    1.0
                ]
            },
            {
                "Texture": 0.0,
                "Transform": [
                    1.0,
                    0.0,
                    0.0,
                    0.0,
                    0.0,
                    1.0,
                    0.0,
                    0.0,
                    0.0,
                    0.0,
                    1.0,
                    0.0,
                    -2.0,
                    2.0,
                    0.0,
                    1.0
                ]
            },
            {
                "Texture": 0.0,
                "Transform": [
                    1.0,
                    0.0,
                    0.0,
                    0.0,
                    0.0,
                    1.0,
                    0.0,
                    0.0,
                    0.0,
                    0.0,
                    1.0,
                    0.0,
                    -1.0,
                    2.0,
                    0.0,
                    1.0
                ]
            },
            {
                "Texture": 0.0,
                "Transform": [
                    1.0,
                    0.0,
                    0.0,
                    0.0,
                    0.0,
                    1.0,
                    0.0,
                    0.0,
                    0.0,
                    0.0,
                    1.0,
                    0.0,
                    -1.0,
                    -2.0,
                    0.0,
                    1.0
                ]
            },
            {
                "Texture": 0.0,
                "Transform": [
                    1.0,
                    0.0,
                    0.0,
                    0.0,
                    0.0,
                    1.0,
                    0.0,
                    0.0,
                    0.0,
                    0.0,
                    1.0,
                    0.0,
                    -2.0,
                    -2.0,
                    0.0,
                    1.0
                ]
            },
            {
                "Texture": 0.0,
                "Transform": [
                    1.0,
                    0.0,
                    0.0,
                    0.0,
                    0.0,
                    1.0,
                    0.0,
                    0.0,
                    0.0,
                    0.0,
                    1.0,
                    0.0,
                    0.0,
                    2.0,
                    0.0,
                    1.0
                ]
            },
            {
                "Texture": 0.0,
                "Transform": [
                    1.0,
                    0.0,
                    0.0,
                    0.0,
                    0.0,
                    1.0,
                    0.0,
                    0.0,
                    0.0,
                    0.0,
                    1.0,
                    0.0,
                    0.0,
                    1.0,
                    0.0,
                    1.0
                ]
            },
            {
                "Texture": 0.0,
                "Transform": [
                    1.0,
                    0.0,
                    0.0,
                    0.0,
                    0.0,
                    1.0,
                    0.0,
                    0.0,
                    0.0,
                    0.0,
                    1.0,
                    0.0,
                    0.0,
                    0.0,
                    0.0,
                    1.0
                ]
            },
            {
                "Texture": 0.0,
                "Transform": [
                    1.0,
                    0.0,
                    0.0,
                    0.0,
                    0.0,
                    1.0,
                    0.0,
                    0.0,
                    0.0,
                    0.0,
                    1.0,
                    0.0,
                    0.0,
                    -1.0,
                    0.0,
                    1.0
                ]
            },
            {
                "Texture": 0.0,
                "Transform": [
                    1.0,
                    0.0,
                    0.0,
                    0.0,
                    0.0,
                    1.0,
                    0.0,
                    0.0,
                    0.0,
                    0.0,
                    1.0,
                    0.0,
                    0.0,
                    -2.0,
                    0.0,
                    1.0
                ]
            },
            {
                "Texture": 0.0,
                "Transform": [
                    1.0,
                    0.0,
                    0.0,
                    0.0,
                    0.0,
                    1.0,
                    0.0,
                    0.0,
                    0.0,
                    0.0,
                    1.0,
                    0.0,
                    1.0,
                    -2.0,
                    0.0,
                    1.0
                ]
            },
            {
                "Texture": 0.0,
                "Transform": [
                    1.0,
                    0.0,
                    0.0,
                    0.0,
                    0.0,
                    1.0,
                    0.0,
                    0.0,
                    0.0,
                    0.0,
                    1.0,
                    0.0,
                    1.0,
                    -1.0,
                    0.0,
                    1.0
                ]
            },
            {
                "Texture": 0.0,
                "Transform": [
                    1.0,
                    0.0,
                    0.0,
                    0.0,
                    0.0,
                    1.0,
                    0.0,
                    0.0,
                    0.0,
                    0.0,
                    1.0,
                    0.0,
                    1.0,
                    0.0,
                    0.0,
                    1.0
                ]
            },
            {
                "Texture": 0.0,
                "Transform": [
                    1.0,
                    0.0,
                    0.0,
                    0.0,
                    0.0,
                    1.0,
                    0.0,
                    0.0,
                    0.0,
                    0.0,
                    1.0,
                    0.0,
                    1.0,
                    1.0,
                    0.0,
                    1.0
                ]
            },
            {
                "Texture": 0.0,
                "Transform": [
                    1.0,
                    0.0,
                    0.0,
                    0.0,
                    0.0,
                    1.0,
                    0.0,
                    0.0,
                    0.0,
                    0.0,
                    1.0,
                    0.0,
                    1.0,
                    2.0,
                    0.0,
                    1.0
                ]
            },
            {
                "Texture": 0.0,
                "Transform": [
                    1.0,
                    0.0,
                    0.0,
                    0.0,
                    0.0,
                    1.0,
                    0.0,
                    0.0,
                    0.0,
                    0.0,
                    1.0,
                    0.0,
                    2.0,
                    2.0,
                    0.0,
                    1.0
                ]
            },
            {
                "Texture": 0.0,
                "Transform": [
                    1.0,
                    0.0,
                    0.0,
                    0.0,
                    0.0,
                    1.0,
                    0.0,
                    0.0,
                    0.0,
                    0.0,
                    1.0,
                    0.0,
                    2.0,
                    1.0,
                    0.0,
                    1.0
                ]
            },
            {
                "Texture": 0.0,
                "Transform": [
                    1.0,
                    0.0,
                    0.0,
                    0.0,
                    0.0,
                    1.0,
                    0.0,
                    0.0,
                    0.0,
                    0.0,
                    1.0,
                    0.0,
                    2.0,
                    0.0,
                    0.0,
                    1.0
                ]
            },
            {
                "Texture": 0.0,
                "Transform": [
                    1.0,
                    0.0,
                    0.0,
                    0.0,
                    0.0,
                    1.0,
                    0.0,
                    0.0,
                    0.0,
                    0.0,
                    1.0,
                    0.0,
                    2.0,
                    -1.0,
                    0.0,
                    1.0
                ]
            },
            {
                "Texture": 0.0,
                "Transform": [
                    1.0,
                    0.0,
                    0.0,
                    0.0,
                    0.0,
                    1.0,
                    0.0,
                    0.0,
                    0.0,
                    0.0,
                    1.0,
                    0.0,
                    2.0,
                    -2.0,
                    0.0,
                    1.0
                ]
            },
            {
                "Texture": 0.0,
                "Transform": [
                    1.0,
                    0.0,
                    0.0,
                    0.0,
                    0.0,
                    1.0,
                    0.0,
                    0.0,
                    0.0,
                    0.0,
                    1.0,
                    0.0,
                    -14.0,
                    -5.0,
                    0.0,
                    1.0
                ]
            },
            {
                "Texture": 0.0,
                "Transform": [
                    1.0,
                    0.0,
                    0.0,
                    0.0,
                    0.0,
                    1.0,
                    0.0,
                    0.0,
                    0.0,
                    0.0,
                    1.0,
                    0.0,
                    -13.0,
                    -4.0,
                    0.0,
                    1.0
                ]
            },
            {
                "Texture": 0.0,
                "Transform": [
                    1.0,
                    0.0,
                    0.0,
                    0.0,
                    0.0,
                    1.0,
                    0.0,
                    0.0,
                    0.0,
                    0.0,
                    1.0,
                    0.0,
                    -14.0,
                    -4.0,
                    0.0,
                    1.0
                ]
            },
            {
                "Texture": 0.0,
                "Transform": [
                    1.0,
                    0.0,
                    0.0,
                    0.0,
                    0.0,
                    1.0,
                    0.0,
                    0.0,
                    0.0,
                    0.0,
                    1.0,
                    0.0,
                    -12.0,
                    -4.0,
                    0.0,
                    1.0
                ]
            },
            {
                "Texture": 0.0,
                "Transform": [
                    1.0,
                    0.0,
                    0.0,
                    0.0,
                    0.0,
                    1.0,
                    0.0,
                    0.0,
                    0.0,
                    0.0,
                    1.0,
                    0.0,
                    -11.0,
                    -4.0,
                    0.0,
                    1.0
                ]
            }
        ]
    }
]